0.083 3.027
0.883 2.146
-0.117 3.247
-0.659 3.843
-0.366 3.52
0.753 2.289
-0.211 3.35
-0.029 3.15
-1.582 4.858
1.016 2.0
-0.34 3.492
-0.204 3.342
-0.288 3.435
-0.085 3.211
-0.52 3.69
-0.873 4.079
-0.817 4.017
0.802 2.234
0.884 2.145
0.659 2.392
-1.603 4.883
-0.099 3.226
2.387 0.49
-0.179 3.315
-0.822 4.023
-0.408 3.567
1.148 1.854
-1.753 5.047
-0.965 4.18
-0.028 3.149
1.469 1.501
0.217 2.878
-0.057 3.181
0.069 3.042
0.604 2.453
-1.01 4.23
1.497 1.471
-0.103 3.232
-1.813 5.113
0.036 3.079
1.149 1.853
0.592 2.467
2.692 0.154
0.274 2.817
1.839 1.094
-0.23 3.371
-0.375 3.53
-0.758 3.952
0.886 2.143
-0.003 3.121
